1.12033,8.22077
4.0311,1.07523
9.64572,20.0715
10.1204,5.68864
14.3664,4.98526
15.3155,10.346
22.2915,13.5093
1.60398,8.10962
5.90939,1.45963
7.62738,19.5064
10.0271,6.01953
15.1114,5.18054
15.9862,9.901
23.3626,14.0881
0.550799,8.24224
5.52157,0.737895
7.66873,19.9822
8.82135,7.19136
14.483,3.3021
16.6973,10.529
23.8562,10.5528
1.36529,7.46529
4.38984,1.38362
9.08307,30.2776
9.57079,20.1228
10.1967,8.10213
14.9381,4.25061
15.6964,11.564
20.4548,24.3535
24.2026,13.2799
0.984065,7.6027
6.69795,32.0078
10.471,19.3032
9.88303,7.20954
14.6753,3.82223
15.4611,9.62254
21.765,24.8295
23.7689,13.5857
9.08527,29.9707
8.13939,21.2003
9.69069,7.40226
15.3912,5.10604
15.8594,10.0253
21.4299,25.7154
22.6506,12.7304
7.73622,30.3887
9.83018,19.5653
10.5093,7.85609
14.538,3.86404
15.9279,10.2616
20.5966,26.2426
23.1372,11.873
5.36661,30.2354
9.6897,19.5391
10.8232,7.10569
14.1207,3.84252
15.089,10.3771
18.2187,31.0175
21.816,23.9063
23.4844,11.3
7.53724,30.004
9.26458,20.4044
10.1406,7.19481
14.7531,4.72689
14.9201,10.3427
16.6494,32.0386
20.89,25.2226
23.8206,12.4825
5.16802,30.6899
9.83347,20.5882
9.35967,7.16959
15.1883,3.72096
16.1002,11.0898
21.4205,30.7825
21.894,23.446
24.263,10.9804
8.37762,31.0022
10.0583,20.1274
10.7209,7.33939
16.1726,4.45152
16.6788,10.1242
19.8649,31.4462
22.0089,25.4728
23.223,11.2678
5.17856,30.3997
9.08912,20.2181
10.6089,6.61953
16.6265,10.387
17.1051,31.1732
21.6444,25.0556
25.1883,11.231
6.92961,31.2113
9.51732,19.8012
16.312,9.71271
18.2958,30.7853
21.9233,23.5407
23.3609,10.7007
8.90413,31.0969
8.95032,20.0359
15.7836,10.36
20.9223,29.8619
21.3809,24.0916
23.7237,10.7986
31.6981,29.4009
6.37032,31.8514
7.94295,20.5899
16.6407,9.97212
20.0673,30.4475
22.481,24.4316
23.7641,13.3993
30.3156,30.3392
6.04986,29.9793
8.69044,20.7098
16.6694,9.79569
19.6249,29.8797
20.5157,24.563
23.6096,11.804
25.9645,36.7651
30.2764,29.9273
7.11418,30.0868
8.41956,19.458
15.8633,9.68446
17.1065,31.3822
21.8724,24.0429
23.0257,12.9105
24.2796,36.0774
32.2406,28.0267
6.83825,31.0633
8.96546,20.6265
16.9507,10.0097
20.5835,30.6931
19.7333,25.6822
24.0923,11.4496
27.8691,34.8729
31.4795,29.9154
36.8706,29.2335
8.44598,31.3389
17.6809,31.3166
19.702,24.7929
24.8418,11.0288
28.18,35.228
31.8896,29.19
35.8394,29.5173
39.7436,-1.59967
42.4277,17.3048
7.32273,30.0646
19.4501,31.8832
20.8607,24.9988
24.5501,13.0198
25.1501,36.7875
31.7608,28.2781
36.6416,27.3288
39.7689,1.02434
42.776,14.7964
5.9883,30.1582
20.4435,30.6948
21.5063,25.7053
23.8583,11.4656
26.6737,36.6112
29.8979,29.6503
36.2448,29.0171
39.0931,0.23078
42.4877,16.3925
6.65281,31.6099
19.1163,31.4462
21.1241,24.2761
24.3718,11.3649
27.1879,34.9048
32.2002,28.306
37.4292,28.2753
41.0677,13.4741
11.2574,44.0351
18.5966,31.4745
20.4923,24.6218
23.2722,12.3595
26.2544,35.6346
31.0288,30.0215
35.9585,30.8111
41.8446,15.3811
16.0206,44.3819
19.1908,30.0882
20.3268,25.1958
25.0797,36.7116
30.5742,28.0078
36.3313,31.1057
41.6463,12.4966
13.323,45.6341
19.0045,31.9964
21.2251,24.3296
26.2517,35.1341
31.1958,29.4877
36.2063,30.6373
41.4801,14.9846
13.2135,44.3179
19.2402,30.0884
21.8279,25.2823
27.1323,35.9913
31.1063,45.5459
29.1195,29.5575
35.1655,31.9488
42.0705,13.4608
13.8647,45.9317
17.8012,31.5967
21.1661,23.9238
26.7123,34.9367
27.7614,45.6759
32.102,28.4846
37.0233,28.23
42.4488,15.9663
44.7176,32.3485
14.2246,44.1868
18.181,31.6807
20.7114,25.5743
24.9728,35.7403
27.8779,46.5022
31.355,29.2096
35.0087,30.1643
39.8507,41.5117
41.7672,12.7412
45.077,33.0303
14.638,44.5829
20.1307,31.4444
21.3503,25.0556
26.4544,34.7665
29.2989,46.1476
30.6966,30.7038
34.8027,30.6324
39.7539,41.1565
41.7172,12.7502
45.3088,31.0859
14.4707,46.0464
19.8211,32.0289
20.5783,24.0991
25.1629,35.2584
32.8087,44.765
31.4724,28.3204
36.3732,28.9349
38.764,40.3896
41.4421,13.835
44.8425,29.8183
15.4237,46.2171
19.8764,30.7411
21.3201,25.9701
25.3106,35.1704
28.9885,44.5396
31.0209,27.7114
35.7977,28.3699
41.9293,36.7671
40.6885,13.9388
46.288,28.7722
15.501,44.7707
19.07,30.4033
21.11,24.8428
25.1581,36.2871
28.9513,45.5747
30.3556,28.5425
36.8703,30.1023
39.7615,40.5718
42.1492,15.4136
44.8204,31.5732
13.4977,44.2884
19.2274,31.4944
25.1869,36.6964
28.5606,45.1048
30.6624,27.738
37.0286,29.3605
42.1578,36.9196
42.7356,15.6492
45.2138,29.8968
16.0624,45.7915
25.5327,35.0846
28.2232,45.5676
30.5531,27.9252
36.503,30.3212
41.9359,38.6849
40.4787,13.5974
45.3356,32.759
13.2293,44.1686
25.6837,36.3679
29.3458,45.2412
31.5307,29.0371
37.1207,29.0734
40.6225,39.0172
42.9078,15.853
45.9635,30.0626
25.2819,36.6903
30.74,45.5228
31.0545,29.739
35.9856,30.0983
41.4538,38.0775
45.6692,31.2769
25.2952,35.5824
29.5854,44.7618
30.7273,29.6172
35.8333,28.9746
39.8846,40.6174
44.9142,30.9039
25.3124,36.952
29.0158,44.2466
30.9357,29.455
36.9289,30.1444
40.4592,40.1703
45.595,30.8983
26.3647,36.3698
31.8668,45.5651
30.9469,29.3338
35.8822,30.6686
40.2233,40.3454
45.0543,30.0368
25.541,36.7228
29.7628,44.7132
31.1587,29.314
35.0564,29.939
42.0687,37.9515
44.8822,29.8872
26.0712,36.9489
29.528,45.2527
30.2786,28.7596
35.0865,30.2194
42.1732,38.0404
45.7995,30.1682
25.8355,36.793
29.7279,44.1611
30.6155,29.0001
36.6732,29.6421
41.1324,37.7712
45.3632,32.0929
29.0334,45.8779
35.8793,30.0472
41.0023,40.1678
45.3467,32.0872
30.4596,44.2125
35.9269,29.6978
41.2342,39.4174
44.0417,30.6745
53.9483,48.8633
29.9207,45.2454
35.5719,30.2827
40.2603,38.6201
44.3737,32.0869
55.8444,46.7166
30.0166,44.1209
35.2626,29.8986
40.5682,39.0445
45.0375,30.2801
55.4964,45.9225
30.107,44.1315
41.1475,39.2298
45.449,30.554
53.5497,47.7247
29.3135,45.309
41.3506,38.9442
44.6396,31.9725
48.3548,57.7919
55.5203,45.9674
30.7361,44.714
41.4431,38.9045
45.7192,31.6698
49.6567,57.5676
53.9384,48.5056
29.3204,44.3314
40.5032,38.517
45.0645,31.6382
49.992,58.8899
55.351,44.8618
41.4266,39.9754
45.6063,30.9242
49.8429,57.3402
55.3306,46.2914
40.5451,39.2741
47.4717,59.5008
54.8965,45.7676
41.5428,39.8439
48.6291,57.7737
54.053,46.8692
40.3629,38.6626
48.8448,58.5481
54.6702,48.8126
40.1713,38.8844
48.753,57.7493
56.3422,45.7799
40.2237,38.9975
48.6466,59.0226
55.9133,45.8777
60.1254,59.5439
40.1452,39.3388
49.3311,58.8205
54.8872,47.5155
56.7959,61.0507
49.5036,59.2419
55.0788,45.5193
57.06,62.0222
48.1613,58.6325
55.3898,46.986
56.4691,61.4824
39.582,71.6485
47.206,60.011
55.3654,47.1533
57.999,60.0922
34.9211,70.7702
47.441,59.0694
54.6361,45.9217
57.5846,62.2513
34.0988,70.8283
47.2555,58.9968
54.2805,47.1553
55.7352,70.2489
59.136,59.7349
39.3713,70.9031
48.2873,59.0881
55.8685,46.6172
55.8195,69.5335
58.4534,59.3772
65.8385,63.3237
35.1356,70.5157
49.1198,57.7433
55.1385,46.3999
57.3194,68.051
56.9465,62.8765
65.4574,64.1239
36.6636,71.2485
48.3509,59.9319
54.6971,46.7506
56.8775,69.2403
59.0116,60.0813
66.2252,65.0612
37.3635,70.9524
47.974,58.1646
55.2592,46.6848
58.6458,68.494
56.9659,60.9491
63.8876,65.1714
37.5499,72.1099
47.0759,58.1426
54.5709,46.8229
54.7322,69.2702
59.4654,60.9243
65.663,64.0146
34.6974,70.048
49.0805,59.5257
54.2946,47.4151
56.683,68.9828
57.6099,60.5761
63.1757,65.3895
35.9023,71.1854
46.8146,59.9273
54.6848,46.6012
57.955,68.9393
57.4587,61.4033
63.5625,65.436
48.3238,58.2312
53.6975,78.1525
54.9442,46.5215
58.2947,68.0301
58.3581,59.724
65.3235,63.8097
47.5941,59.7654
53.2161,78.4424
54.499,47.6244
55.341,70.4982
56.9478,61.737
64.345,66.8967
47.9548,58.2042
50.3117,77.4097
57.3987,68.5292
57.9858,60.7836
66.3476,64.2124
48.3671,59.1348
49.2478,77.5159
57.2931,68.7031
58.2852,61.9331
64.1096,66.2665
79.5119,53.8448
48.5716,58.1681
48.6575,77.4799
55.7738,69.0814
58.7457,61.4576
64.7639,78.2952
64.4465,66.8507
80.352,53.1348
53.2742,77.5993
58.8071,69.0319
57.9843,60.287
61.9357,78.5741
63.9966,64.9535
80.8178,51.7733
50.7945,77.603
57.0264,69.977
56.796,60.5976
63.0949,79.5788
66.0169,65.192
72.1392,74.8762
80.2024,56.2623
50.0075,78.5884
57.1337,69.6661
57.9873,59.8898
60.3476,79.5995
63.9316,65.0418
73.7364,73.2316
79.4706,52.8197
52.8069,77.4583
57.1161,68.7202
58.3724,61.1973
60.7234,78.3332
63.7622,65.6685
74.2542,72.4539
79.5418,52.7133
49.0193,76.7102
55.7127,68.4205
57.5269,61.5716
61.0275,79.165
65.3341,63.5182
74.8775,73.1619
80.5644,54.8079
53.1272,78.7828
56.1157,69.9183
57.8951,60.2643
60.4279,78.9242
65.6096,64.8235
72.1764,75.7253
79.5347,54.4402
50.9089,77.4607
57.4232,69.6347
57.583,61.1929
63.1791,78.2616
65.2004,66.1252
75.9488,73.0892
80.4925,53.6304
50.9254,77.7164
57.9269,68.1816
58.3705,61.0101
61.3172,80.0033
65.1976,64.3332
75.5959,72.2664
77.1219,79.2607
81.1148,55.0709
51.9742,78.5672
57.1425,68.6234
57.7807,61.1711
60.3441,79.1123
64.4848,64.2514
72.6381,75.6252
75.4353,80.7
80.035,55.7335
50.6922,78.8325
56.8648,69.9321
57.7977,60.993
60.4243,78.5587
64.22,64.6646
74.1754,74.8756
73.5721,82.5203
79.5897,53.4344
50.7145,76.996
56.4578,69.4759
63.0518,78.8653
65.0368,65.1983
74.9894,73.3643
76.5051,79.9114
80.6482,55.7348
51.1571,77.042
57.9228,69.1109
60.2778,78.2325
65.8387,65.297
75.7818,73.0011
74.6453,82.3211
80.444,54.6355
82.3263,79.3438
57.151,68.0206
60.8084,79.3633
65.0599,64.5465
72.196,74.4557
74.4512,81.9709
79.0822,53.4106
83.5083,78.8381
60.6633,78.4028
64.7497,64.9243
74.6834,74.4473
73.868,81.9322
80.2395,53.4986
84.0354,78.0591
62.1804,78.2154
64.6683,64.8414
74.2474,73.5661
76.262,79.6723
79.7385,54.9918
84.3584,75.6217
63.5295,79.3337
65.4374,65.797
73.0799,74.3439
75.0919,81.2826
85.5537,75.1287
61.8292,78.2753
64.9127,65.0375
74.4563,73.1938
75.5557,79.7398
85.2377,76.3067
89.2978,78.5204
63.1251,79.9781
65.0673,65.0017
73.1816,73.9423
75.5953,81.7349
84.4062,78.0051
86.7214,81.7878
61.1561,78.7115
74.9503,73.5027
75.2431,80.4406
83.428,76.538
88.3781,81.0451
62.5703,78.5594
74.6844,74.1819
74.5812,81.3592
84.8085,76.013
88.4754,80.4538
62.5046,78.7564
74.4037,74.4016
73.8368,80.6242
84.9526,90.0755
83.849,76.7989
87.6376,81.9174
62.0131,78.5433
74.4607,74.8166
76.5977,81.0241
79.778,91.3464
84.7195,76.5589
87.4808,79.7659
73.8899,74.5679
75.2468,80.0919
80.0841,93.1242
84.9153,76.543
87.5279,80.148
74.5169,74.2646
74.2321,81.0053
80.9061,91.3741
83.8657,76.075
88.0744,80.1303
95.5847,81.3952
73.2427,73.7135
75.7149,80.8674
82.9772,90.7808
83.4564,78.1417
89.1635,79.2154
93.9689,83.63
73.8869,74.0779
75.9101,81.6384
83.1573,91.2373
84.385,77.8338
88.9554,79.0813
95.6495,78.948
74.468,74.7069
74.9488,80.774
82.71,89.8144
83.3141,76.0878
86.9553,79.8892
90.289,92.7661
96.5581,79.2352
